{"R": [[[0.9999999999999994, 4.0486894815871365e-16, 3.6761977051760363e-16], [4.0486894815871365e-16, 0.9999999999999997, 1.2064904994269916e-16], [3.6761977051760363e-16, 1.2064904994269916e-16, 0.9999999999999991]], [[-0.010088237948077016, -0.005619601274553027, 0.9999333215453002], [0.7086349905910426, 0.7054877214602833, 0.011114179178409216], [-0.7055031378846834, 0.7086998623890736, -0.0031348819072192784]], [[-0.708021137202697, -0.02023588865112112, 0.7059012523609076], [-0.0034850784466752996, 0.9996773132732307, 0.025161946566872748], [-0.7061826417453343, 0.015355068782426373, -0.7078631918388371]], [[-0.021419119229368733, 0.9996912944372482, 0.012591153950949287], [0.7068698360534509, 0.02404907708262867, -0.7069347047424122], [-0.7070192756984813, -0.006241611799224427, -0.7071667314523089]]]}