{"R": [[[0.9999999999999997, 1.4410008798072633e-17, 1.7693175101598848e-16], [1.4410008798072633e-17, 0.9999999999999993, 7.077768940261484e-17], [1.7693175101598848e-16, 7.077768940261484e-17, 0.9999999999999994]], [[-0.008654849340157289, -0.0023677681467658036, -0.9999597428181306], [0.6880052181212568, 0.7256651730763569, -0.007673097287382062], [0.7256541279568527, -0.6880439304710585, -0.004651485904099026]], [[-0.9998698988880425, -0.013155653884556046, 0.009333491762773486], [-0.01294209703497487, 0.9996611854775326, 0.022583542104626837], [-0.009627430703634645, 0.02245980900461829, -0.9997013901948535]]]}