{"R": [[[1.0000000000000002, 2.1040469164101904e-16, 1.1058221589700602e-16], [2.1040469164101904e-16, 1.0, 3.670918507960083e-16], [1.1058221589700602e-16, 3.670918507960083e-16, 1.0]], [[-0.010123189032076641, -0.007891010529661138, 0.9999176231053446], [0.702764144089149, 0.7113090400487754, 0.01272820991085585], [-0.711350883057346, 0.7028351026362513, -0.0016551966117626241]], [[-0.7093600721287366, -0.02250253390605422, 0.7044869935189152], [-0.01458806669292685, 0.9997448733865137, 0.017244606332031738], [-0.7046953074766966, 0.0019555319457684158, -0.7095073639611733]], [[-0.023437543465365595, 0.9997097953133643, 0.00556836697970683], [0.7072834269589899, 0.020517728248024333, -0.7066322783291794], [-0.7065414605707546, -0.012623311057397987, -0.7075590551413309]]]}