{"R": [[[1.0, 1.6664220899596706e-16, 7.673887829279859e-17], [1.6664220899596706e-16, 1.0000000000000007, -2.017610534921312e-16], [7.673887829279859e-17, -2.017610534921312e-16, 1.0000000000000004]], [[-2.2271546062595346e-16, 4.275259622566481e-16, 1.0], [0.7071067811865476, 0.7071067811865481, -5.413806267193903e-17], [-0.7071067811865479, 0.7071067811865474, -5.129418225680249e-16]], [[-0.7071067811865478, -4.473349567841783e-16, 0.7071067811865474], [-1.9797793876459138e-16, 1.0000000000000004, 4.1527557200498256e-16], [-0.7071067811865477, -2.5588316915662114e-17, -0.707106781186548]], [[-3.729815320668471e-16, 1.0000000000000002, 1.5869562790786825e-16], [0.7071067811865479, 4.505076802296571e-16, -0.7071067811865479], [-0.7071067811865479, -2.1045616074618617e-16, -0.7071067811865476]]]}