{"R": [[[1.0, -3.621792197904962e-16, -1.5974888687101397e-16], [-3.621792197904962e-16, 0.9999999999999996, -3.0145138936447753e-16], [-1.5974888687101397e-16, -3.0145138936447753e-16, 1.0000000000000002]], [[-0.00914491578203327, -0.011445088434763913, 0.9998926844747189], [0.70180942247733, 0.7122157136065989, 0.014570923576766119], [-0.712306047312092, 0.7018673572994855, 0.0015191181850303258]], [[-0.707318464267984, -0.024931554699509507, 0.7064552411057947], [-0.011737419819356467, 0.9996542945525871, 0.023527098387896392], [-0.7067975828209695, 0.00834918935196541, -0.7073665725460883]], [[-0.028729114628011383, 0.9994836337530537, 0.014391102545742999], [0.7024322313914774, 0.03042947981709688, -0.7110998573058855], [-0.7111705831058263, -0.010320495039114067, -0.7029437311101555]]]}