{"R": [[[1.0, 4.563090672089777e-16, -1.1398100434194364e-16], [4.563090672089777e-16, 1.0000000000000009, 3.496192855827413e-16], [-1.1398100434194364e-16, 3.496192855827413e-16, 1.0000000000000004]], [[2.2569279591255313e-16, 3.982867188924373e-16, 1.0000000000000002], [0.7071067811865482, 0.707106781186548, 4.538689185885091e-16], [-0.7071067811865472, 0.7071067811865487, 1.3673260524558515e-16]], [[-0.7071067811865474, 1.252196005730487e-16, 0.7071067811865476], [-1.726920541713692e-16, 1.0000000000000002, 3.804736919312152e-16], [-0.7071067811865477, 3.0752920763586367e-16, -0.7071067811865475]], [[-1.817506237325306e-17, 1.0, -1.7719513179672665e-16], [0.7071067811865478, 3.7182226605185666e-16, -0.7071067811865481], [-0.7071067811865477, -9.96465020106949e-17, -0.7071067811865477]]]}