{"R": [[[1.0000000000000004, -1.8041124150158794e-16, 2.220446049250313e-16], [-1.8041124150158794e-16, 1.0, 6.938893903907228e-17], [2.220446049250313e-16, 6.938893903907228e-17, 1.0000000000000002]], [[0.9999987745216564, -0.0015456814571774558, 0.00024864436315419347], [0.000918007608518151, 0.7075874794512064, 0.7066251596043831], [-0.0012681550445791667, -0.7066240653931357, 0.7075880312654119]], [[0.00022352623753912892, 0.0018350301625375404, -0.9999982913487023], [-0.00011369039628544159, 0.9999983099145406, 0.0018350047837764893], [0.9999999685552572, 0.00011328003031298856, 0.00022373448506696203]]]}