{"R": [[[1.0000000000000002, -2.284541026491362e-16, -1.4648960280985952e-16], [-2.284541026491362e-16, 1.0000000000000007, -7.207841080280148e-17], [-1.4648960280985952e-16, -7.207841080280148e-17, 1.0]], [[0.003785906156215105, -0.011544562154996645, 0.9999261922758232], [-0.0006928467294654107, 0.9999330880784255, 0.01154726501620842], [-0.9999925934115645, -0.0007365124537374799, 0.003777654221827408]], [[-0.9999274178173801, -0.010313817246431246, 0.0062277018934053605], [-0.010223492380748244, 0.9998445453161938, 0.014365423940654962], [-0.0063748961251681386, 0.014300712403974061, -0.9998774176488495]]]}