{"R": [[[0.9999999999999997, 1.9322296704655047e-16, 2.3494013719268346e-16], [1.9322296704655047e-16, 0.9999999999999998, -3.3132271775820343e-16], [2.3494013719268346e-16, -3.3132271775820343e-16, 1.0]], [[-0.00745766183132225, -0.005036810703910564, 0.9999595060890927], [0.7046532802165331, 0.7094968660967428, 0.008829024803477541], [-0.709512605920494, 0.7046905899306678, -0.0017419825133924002]], [[-0.7133405771228778, -0.024525439229238298, 0.7003882665069511], [-0.009143265543225284, 0.9996281034768706, 0.025691544026016803], [-0.7007578909475126, 0.01192298493866374, -0.7132995308458758]], [[-0.025553022805882713, 0.9996591780521317, 0.005345162450074426], [0.7073551562089704, 0.021858977985105724, -0.7065202531180761], [-0.7063962952975232, -0.01427279992090944, -0.7076726370097629]]]}