{"R": [[[1.0, -1.2355202019282111e-17, -1.679689029707545e-16], [-1.2355202019282111e-17, 1.0000000000000004, 3.9480545594898086e-16], [-1.679689029707545e-16, 3.9480545594898086e-16, 1.0]], [[-0.0007606829989417492, -0.7239903921695171, 0.6898096356297179], [0.006741228777001791, 0.6897904485216967, 0.7239776881664335], [-0.9999769883332075, 0.005200882085361969, 0.004355872998943262]], [[-0.7066849736096208, -0.026648071251272956, 0.7070263279206488], [-0.014776532436357457, 0.9996283938688753, 0.022906947860648934], [-0.7073740185810663, 0.005740598376501885, -0.7068161312298644]], [[-0.7095472656802463, -0.00013843722800749037, 0.7046578308660313], [0.7046578444554673, -0.00014452664453272357, 0.7095472509702395], [3.6140772747066688e-06, 0.9999999799735915, 0.00020009936412658926]]]}