{"R": [[[1.0000000000000002, 6.132435011182087e-17, 1.5803561080748966e-16], [6.132435011182087e-17, 1.0, -1.7935215680494706e-16], [1.5803561080748966e-16, -1.7935215680494706e-16, 1.0000000000000004]], [[-0.013672345095054049, -0.004265251776349599, -0.9998974320433504], [0.6970559309201246, 0.7169062243511232, -0.012589466060793352], [0.7168863899870612, -0.6971565628421653, -0.0068286702525489195]], [[-0.9998948655175005, -0.014427207436405057, 0.0014538216284142728], [-0.014403390175207541, 0.9997800905846326, 0.015241811639219732], [-0.0016733986975757441, 0.015219269239080995, -0.9998827799200406]]]}