{"R": [[[1.0, -3.3306690738754696e-16, -5.551115123125783e-17], [-3.3306690738754696e-16, 1.0000000000000009, -2.498001805406602e-16], [-5.551115123125783e-17, -2.498001805406602e-16, 1.0000000000000002]], [[0.9999997399641571, 0.00048455854283080413, -0.0005341110715345043], [3.3879318635132716e-05, 0.7082441863216696, 0.7059675427339052], [0.0007203636650575662, -0.7059673772523589, 0.7082439857362821]], [[-0.002969820801152212, -0.0010526822538482195, -0.9999950359999203], [-0.0026183110614439176, 0.9999960263000205, -0.0010449073430704725], [0.9999921622750827, 0.0026151948765846256, -0.002972565249564796]]]}