{"R": [[[1.0000000000000007, -5.785690837520383e-16, -4.288599993951178e-16], [-5.785690837520383e-16, 0.9999999999999994, -4.236297771151661e-16], [-4.288599993951178e-16, -4.236297771151661e-16, 1.0000000000000004]], [[-0.008276980372911547, -0.00015140616743372737, -0.9999657337489517], [0.691926432123557, 0.7219444209901852, -0.005836568333382424], [0.7219205663538548, -0.691951031560268, -0.005870757873634506]], [[-0.9998835071612165, -0.015101333554175088, 0.00221852019864402], [-0.01505927425389265, 0.9997265834608946, 0.017887889214553816], [-0.0024880446001379645, 0.017852396099449854, -0.999837537596772]]]}