{"R": [[[0.9999999999999994, 3.068797797721149e-17, 3.689926280530124e-16], [3.068797797721149e-17, 1.0, -7.53635251376893e-17], [3.689926280530124e-16, -7.53635251376893e-17, 0.9999999999999996]], [[0.000785005116964401, -0.006578109855840612, 0.9999780558780729], [0.7071154289309304, 0.7070862681181435, 0.004096291808769574], [-0.7070976975883827, 0.707096696293711, 0.005206549310875783]], [[-0.70441851881036, -0.022148809002933475, 0.7094392014942293], [-0.010531578995221507, 0.9997291282562722, 0.02075466115892252], [-0.7097067254865814, 0.007148452679136094, -0.70446097366952]], [[-0.018855950400566934, 0.9997149830359278, 0.014642603182662906], [0.7106369264159786, 0.023702576475209115, -0.7031595456811257], [-0.7033062007038906, -0.0028531669965919815, -0.7108813174430365]]]}