{"R": [[[0.9999999999999998, -3.3306690738754696e-16, -2.3592239273284576e-16], [-3.3306690738754696e-16, 1.0, 2.7755575615628914e-17], [-2.3592239273284576e-16, 2.7755575615628914e-17, 1.0]], [[0.0005611896540983069, 0.0016467414169176742, 0.9999984866532938], [0.001470739667160409, 0.9999975612238022, -0.0016475652581066924], [-0.9999987609947346, 0.0014716620379987, 0.0005587663575591373]], [[-0.999999621847505, 0.0007524974864931977, 0.0004359499746833459], [0.00075301370505515, 0.9999990141685221, 0.001185171862723322], [-0.00043505770606235006, 0.0011854996908535476, -0.9999992026573199]], [[0.000559246940918981, 0.0001120269216192682, -0.9999998373464004], [-0.002013716769628693, 0.9999979663208521, 0.00011090054688828177], [0.9999978160914307, 0.002013654421299138, 0.0005594713940809334]]]}