{"R": [[[0.9999999999999998, 2.136455391046548e-17, 1.5351125231103249e-16], [2.136455391046548e-17, 1.0000000000000007, -1.0542045168514247e-16], [1.5351125231103249e-16, -1.0542045168514247e-16, 1.0000000000000002]], [[0.0033211443327261763, -0.7201677944131293, 0.6937919845965718], [0.007785147182231209, 0.6937934059469024, 0.7201320027244645], [-0.9999641801003034, 0.0030096103942731343, 0.007910800313652072]], [[-0.7058268164485705, -0.022954398728975006, 0.7080124298068976], [-0.009601518794148445, 0.9996930468163387, 0.02283906705433353], [-0.7083193601892596, 0.00932243133833397, -0.7058305577509525]], [[-0.7033534110865672, -0.005438700731397511, 0.7108195267768354], [0.7108320713936158, -0.010202486502568582, 0.7032877615510074], [0.00342715496457225, 0.9999331626681451, 0.011041956589735771]]]}