{"R": [[[1.0000000000000002, -4.1133232993358205e-16, -2.888898842780512e-17], [-4.1133232993358205e-16, 1.0000000000000002, -2.2738791972938286e-16], [-2.888898842780512e-17, -2.2738791972938286e-16, 1.0]], [[0.003855926794579593, -0.7189522434644683, 0.6950487777458237], [0.014638072656803554, 0.6950200547193008, 0.7188413248880967], [-0.9998854227647535, 0.007402374982979308, 0.013204021628367237]], [[-0.7074281870259982, -0.016693221001031752, 0.7065880671039674], [-0.005025740626265927, 0.9998145780631221, 0.018589013519280904], [-0.7067673606868581, 0.009599263777667443, -0.7073809101203252]], [[-0.7023531367369491, 0.0012653887728060608, 0.7118275564397764], [0.7117358439038972, -0.014901656306860467, 0.7022891350019019], [0.011496078382513037, 0.9998881634615772, 0.009565602503619534]]]}