{"R": [[[1.0000000000000004, -1.770852320874032e-16, 1.2534900843659558e-16], [-1.770852320874032e-16, 1.0000000000000009, -7.652395688612842e-18], [1.2534900843659558e-16, -7.652395688612842e-18, 1.0000000000000009]], [[-0.0018616423924403245, -0.005581911740389929, 0.9999826881246127], [0.7025107051094388, 0.7116535868038213, 0.005280302632986604], [-0.7116707409288671, 0.7025083733668798, 0.0025965082666739407]], [[-0.708792336783189, -0.02036614524301819, 0.7051231406253566], [-0.008524580091103288, 0.9997574459809229, 0.020307159820437296], [-0.7053656887400301, 0.008382680576206008, -0.7087940291894824]], [[-0.017283858616559913, 0.9998131136841845, 0.008660596772690462], [0.7074440736883507, 0.01834977347021327, -0.70653108099844], [-0.7065579599965987, -0.006084695450737667, -0.7076290169620785]]]}