{"R": [[[0.9999999999999998, 2.3446146587005974e-16, 1.7530259435172748e-16], [2.3446146587005974e-16, 1.0000000000000007, 3.8564587538854246e-16], [1.7530259435172748e-16, 3.8564587538854246e-16, 1.0000000000000002]], [[2.0748154218666819e-16, 4.7416858490381384e-17, 0.9999999999999999], [0.7071067811865475, 0.7071067811865483, 2.8492826672648243e-16], [-0.7071067811865475, 0.7071067811865476, 6.852593917234058e-16]], [[-0.7071067811865474, -4.332397324203611e-16, 0.7071067811865474], [-5.971574027083716e-16, 1.0000000000000002, -1.692172394314937e-16], [-0.7071067811865478, -9.07556332590833e-17, -0.7071067811865482]], [[2.3549834838818493e-16, 1.0, -3.5116080674697253e-16], [0.7071067811865476, -2.791613338560566e-16, -0.7071067811865479], [-0.7071067811865477, 1.1488959605037619e-16, -0.7071067811865477]]]}