{"R": [[[0.9999999999999998, 1.5472586413822866e-16, 1.3911354897716565e-16], [1.5472586413822866e-16, 1.0000000000000004, 3.681333352384486e-17], [1.3911354897716565e-16, 3.681333352384486e-17, 1.0]], [[3.1241208222053557e-16, 1.4637314241330636e-16, 0.9999999999999997], [0.7071067811865479, 0.7071067811865477, -7.982290377124998e-17], [-0.7071067811865474, 0.7071067811865478, 4.2163841430053446e-16]], [[-0.7071067811865476, 3.056971992890291e-16, 0.7071067811865472], [-1.5195351425298976e-16, 1.0000000000000002, -6.207925961991487e-17], [-0.7071067811865478, -5.913145135875549e-17, -0.7071067811865472]], [[8.258641802401774e-17, 1.0000000000000002, -7.020065228913107e-16], [0.7071067811865475, 3.5956767376453577e-16, -0.7071067811865474], [-0.7071067811865478, -3.6802557089411245e-16, -0.7071067811865475]]]}