{"R": [[[1.0000000000000002, -3.605159039152017e-17, -7.770169106995892e-17], [-3.605159039152017e-17, 0.9999999999999999, 2.1573647855471876e-16], [-7.770169106995892e-17, 2.1573647855471876e-16, 0.9999999999999999]], [[2.103772397390069e-16, -4.162114324545764e-16, 1.0], [0.7071067811865471, 0.7071067811865479, 6.634315669672889e-16], [-0.7071067811865476, 0.7071067811865475, 4.654943330807258e-16]], [[-0.7071067811865476, -3.4384408466417874e-16, 0.7071067811865477], [-9.484670715379251e-16, 1.0, -7.848359200638618e-16], [-0.7071067811865476, -9.578468958853792e-16, -0.7071067811865476]], [[2.8055600418791946e-16, 1.0, -4.83247915525752e-16], [0.7071067811865469, -5.246776767614704e-16, -0.7071067811865477], [-0.7071067811865477, -3.472665583561962e-16, -0.7071067811865472]]]}