{"R": [[[0.9999999999999998, -3.590255420901309e-17, -4.104014194229922e-17], [-3.590255420901309e-17, 1.0000000000000002, -1.3007947304172378e-16], [-4.104014194229922e-17, -1.3007947304172378e-16, 0.9999999999999998]], [[1.5429179157288036e-16, 2.8389961067236287e-16, 0.9999999999999996], [0.7071067811865476, 0.7071067811865477, -6.854481778218905e-17], [-0.7071067811865475, 0.7071067811865475, -9.126791666800081e-17]], [[-0.7071067811865475, 3.2354545502520547e-16, 0.7071067811865474], [8.350997948494045e-16, 1.0000000000000002, 5.742878718424912e-16], [-0.7071067811865474, 8.757611676757798e-16, -0.7071067811865476]], [[-1.2536582490154544e-16, 0.9999999999999998, 4.916729671518408e-17], [0.7071067811865478, -1.0709987228609216e-16, -0.7071067811865474], [-0.7071067811865475, -3.0538745683469777e-16, -0.7071067811865475]]]}