{"R": [[[1.0000000000000004, -2.7755575615628914e-16, -5.551115123125783e-17], [-2.7755575615628914e-16, 0.9999999999999997, -2.220446049250313e-16], [-5.551115123125783e-17, -2.220446049250313e-16, 1.0000000000000004]], [[0.9999977125055055, 0.0001362654262801466, -0.002134576185033342], [0.0014140649988826914, 0.7066460126255436, 0.7075658366969103], [0.00160480651015793, -0.7075672365734258, 0.7066442034885099]], [[-0.001046772383880068, -0.0024190967870155178, -0.9999965261131223], [-0.0005783858025744104, 0.99999690817772, -0.0024184922708819223], [0.9999992848684648, 0.0005758521824068552, -0.0010481683186829294]]]}