{"R": [[[1.0000000000000004, -5.230856365423344e-16, 1.2063516855418392e-16], [-5.230856365423344e-16, 1.0000000000000004, 2.806739671903851e-17], [1.2063516855418392e-16, 2.806739671903851e-17, 1.0000000000000002]], [[-0.0041612457186466995, -0.00870106432819688, 0.9999534866750687], [0.712246935536544, 0.7018703689260614, 0.009071275676393821], [-0.701916652354731, 0.7122515543704706, 0.0032766513359263447]], [[-0.7050399700683961, -0.02073634616354004, 0.7088643343784065], [-0.0011898521327393281, 0.9996055902975263, 0.028057941796164828], [-0.7091665706009113, 0.018938526704065935, -0.704786568649277]], [[-0.018480320638990123, 0.999818368779907, 0.004659098557313174], [0.708896726835823, 0.016388847775295746, -0.7051218592201318], [-0.705070144333553, -0.009728058330664157, -0.7090708402201985]]]}