{"R": [[[1.0, -9.138277093438665e-17, 7.501915270182455e-17], [-9.138277093438665e-17, 1.0000000000000002, 9.49262843546527e-17], [7.501915270182455e-17, 9.49262843546527e-17, 1.0000000000000002]], [[-0.0016036893768032372, -0.02209521499169508, 0.9997545847130952], [-0.003942110527583047, 0.9997482417234115, 0.02208875133491906], [-0.9999909439314798, -0.0039057195775341652, -0.0016903874143571265]], [[-0.9998843919016843, -0.015097100914750592, -0.0018111806560658812], [-0.015124816956066756, 0.9997508816203828, 0.016413854249152832], [0.0015629278436762551, 0.01643935045057475, -0.9998636432100724]]]}