{"R": [[[1.0000000000000002, 3.0320825188435734e-16, 1.1197937353201405e-16], [3.0320825188435734e-16, 0.9999999999999996, -2.503314527169864e-16], [1.1197937353201405e-16, -2.503314527169864e-16, 1.0000000000000002]], [[0.0043760096342464715, -0.011143608578588156, 0.9999283326956631], [0.7106902564968881, 0.7034891532192507, 0.004729759322462806], [-0.7034914426345702, 0.7106186257696235, 0.01099812935109322]], [[-0.7052688150174342, -0.016496937458199412, 0.7087480156010352], [-0.0076325090223881625, 0.9998479674763934, 0.015677587166030658], [-0.7088988950265955, 0.005647387699244582, -0.7052875042436572]], [[-0.015038089745377705, 0.9998276917152498, 0.010883139995686], [0.7097612532900779, 0.018340559068608864, -0.7042035126447102], [-0.7042817754172744, -0.0028654445390914607, -0.7099147625191952]]]}