{"R": [[[1.0000000000000004, -1.003518034267439e-16, -2.443094545021863e-16], [-1.003518034267439e-16, 1.0000000000000002, -3.4395167357595455e-16], [-2.443094545021863e-16, -3.4395167357595455e-16, 1.0000000000000007]], [[-0.006738035358959263, -0.009511410107350862, 0.9999320636709639], [0.7027785884463185, 0.7113156581450635, 0.011501743305085979], [-0.7113767317679873, 0.7028083434019731, 0.0018915453134151438]], [[-0.7047283652917602, -0.02443467792272569, 0.709056328981003], [-0.00745303901117407, 0.999606575022436, 0.027039737081065253], [-0.7094380757773728, 0.013771045230042633, -0.7046332201582406]], [[-0.029792908836253428, 0.9995015353705673, 0.010443341177684962], [0.6993658284929736, 0.028308919826991574, -0.71420308245944], [-0.7141427171927274, -0.013974471371318959, -0.6998606244320941]]]}