{"R": [[[0.9999999999999996, 5.750937905787135e-16, -2.352645336135381e-16], [5.750937905787135e-16, 1.0000000000000002, 2.721561276405055e-16], [-2.352645336135381e-16, 2.721561276405055e-16, 1.0000000000000004]], [[0.003411645052848073, -0.005801070304616165, 0.9999773538742532], [0.708573003770291, 0.7056355214166713, 0.0016760796429890728], [-0.705629264561767, 0.708551239148125, 0.006517859746579234]], [[-0.7053779934605335, -0.012479269798669151, 0.7087214926661136], [0.00014106751420940562, 0.9998425214262509, 0.017745772678437507], [-0.7088313385013028, 0.012617455103560781, -0.7052651511205994]], [[-0.018750603189600864, 0.9998085451301075, 0.005593564591807448], [0.7080177616101635, 0.017228028113484797, -0.7059844504603869], [-0.7059456523873205, -0.009277291206898373, -0.7082052440806286]]]}