{"R": [[[1.0000000000000002, -7.692506466694404e-17, -3.0371607403166377e-16], [-7.692506466694404e-17, 1.0000000000000002, 1.1401974999666938e-16], [-3.0371607403166377e-16, 1.1401974999666938e-16, 1.0000000000000007]], [[7.045241048622959e-16, -6.260082352139447e-17, 0.9999999999999998], [0.707106781186548, 0.7071067811865475, -5.059702672849846e-16], [-0.7071067811865475, 0.7071067811865481, 4.859924677261828e-16]], [[-0.7071067811865472, 1.4863254398732648e-16, 0.7071067811865479], [4.0069915318170454e-16, 1.0000000000000002, 1.9357165424571e-16], [-0.7071067811865476, 2.232749014090817e-16, -0.7071067811865477]], [[4.4084613651382123e-16, 1.0, 4.234233065245703e-16], [0.7071067811865479, -1.9408930720344916e-16, -0.7071067811865474], [-0.7071067811865475, 3.0337228741196566e-16, -0.7071067811865481]]]}