{"markers": [{"R": [[0.9999999999999996, 1.7159331496508412e-17, -3.2652147921212597e-16], [1.7159331496508412e-17, 1.0000000000000002, -1.3406655408104573e-16], [-3.2652147921212597e-16, -1.3406655408104573e-16, 1.0000000000000002]], "t": [[-0.0019350961385737817], [0.09402652341510727], [0.05757834857251844]], "name": "a"}, {"R": [[0.9999961771351268, -0.0002067889084662396, -0.002757345367961634], [0.00020011194978494153, 0.9999970479652267, -0.0024215730507330824], [0.0027578379826298984, 0.002421012015628711, 0.9999932664925709]], "t": [[-0.002234143172426612], [-0.0028468804195356462], [0.058118474103913215]], "name": "b"}, {"R": [[0.9999760682419447, 0.001488627971198305, -0.006756251190119954], [-0.001553242217600003, 0.999953014762103, -0.009568474632598798], [0.006741689847070378, 0.009578739736759502, 0.9999313963282987]], "t": [[-0.0021548193849367306], [-0.10095768592843354], [0.0597916689043946]], "name": "r"}, {"R": [[0.007316232855761551, -0.00023344794342148743, 0.9999732087605436], [0.007232843450885529, 0.9999738263498271, 0.00018052950294985003], [-0.9999470779558364, 0.007231328878163789, 0.007317729855670657]], "t": [[0.07205852375949678], [0.0934237192995592], [0.0037760850121117224]], "name": "e"}, {"R": [[0.011511672228278457, -0.0013693792476092107, 0.999932800843629], [0.006804189475466928, 0.9999760177384215, 0.0012911055689823158], [-0.9999105882068112, 0.0067888694555522, 0.011520713668208116]], "t": [[0.07197268058920953], [0.00126021855404035], [0.0028001385882256806]], "name": "t"}, {"R": [[0.009021421668617047, 5.041952927643442e-05, 0.9999593048764267], [0.005849275460691713, 0.9999828875176157, -0.00010319164625648296], [-0.9999421982933122, 0.005849968359057228, 0.00902097237198195]], "t": [[0.07439751867998436], [-0.09470250751507713], [0.0016812031820928753]], "name": "e"}, {"R": [[-0.9999649747224079, 0.007601072244818145, 0.0035032883327945187], [0.007620810308603221, 0.9999549673148102, 0.0056556690742176376], [-0.0034601414210879266, 0.005682168878678739, -0.9999778699442204]], "t": [[0.004327982795792383], [0.09374865990383767], [-0.05580178090986281]], "name": "s"}, {"R": [[-0.9999635586746103, 0.007145393428101411, 0.004671688727500311], [0.0072015725917439315, 0.9999006006872553, 0.012121307580965433], [-0.00458461285332227, 0.012154509369948515, -0.9999156210535773]], "t": [[0.0028213478301847904], [0.003089502432655006], [-0.05662571693537298]], "name": "e"}, {"R": [[-0.999889501053348, 0.007199115482223349, 0.013006091632833556], [0.007311153485775496, 0.9999364001185737, 0.008587360049246807], [-0.01294344305026557, 0.008681500687184958, -0.9998785420378936]], "t": [[0.0027511255839098533], [-0.08908821514698372], [-0.06051202160841599]], "name": "s"}, {"R": [[0.0007457290892799342, 0.009843299500816664, -0.9999512754844918], [-0.0072536122233941205, 0.9999253002403906, 0.00983763431303827], [0.999973414145515, 0.00724592258457611, 0.00081707286107464]], "t": [[-0.07156715188642149], [0.09496296480490728], [-0.002931465754282455]], "name": "a"}, {"R": [[0.00584341335046582, 0.01738933509411804, -0.9998317186133873], [-0.008791322311524505, 0.9998110423644633, 0.01733759551092484], [0.9999442820339695, 0.008688532158542154, 0.005995184442491463]], "t": [[-0.07333715130827988], [0.0006422467354276137], [-0.003034506542474251]], "name": "m"}, {"R": [[0.0014849264971698586, 0.009315473656696162, -0.9999555074821324], [-0.011205986166601394, 0.9998939785004466, 0.009298259653408247], [0.9999361083925974, 0.011191680351924539, 0.0015891581319683878]], "t": [[-0.07710081734793918], [-0.09355854613550435], [-0.004840426612847896]], "name": "o"}]}