{"cameras": [{"R": [[0.9999999999999992, -1.3299215894812764e-16, 3.2500983967553733e-16], [-1.3299215894812764e-16, 1.0000000000000002, 9.11765086832441e-17], [3.2500983967553733e-16, 9.11765086832441e-17, 0.9999999999999999]], "t": [[-0.042818920401925746], [0.10084873493874309], [-0.008607848130384461]], "name": "a"}, {"R": [[0.9999984906971877, 0.0002626100628502475, 0.0017174513968977781], [-0.0002528532817107449, 0.9999838439900527, -0.005678716764933546], [-0.0017189149379022049, 0.005678273930808382, 0.9999824011134413]], "t": [[-0.040909297781996735], [-0.0028204084558038182], [-0.009138352865703834]], "name": "b"}, {"R": [[0.999989311563486, 0.0004383395357378407, 0.004602675008775575], [-0.0003756957287465267, 0.9999074130542878, -0.013602359052799393], [-0.004608211312905897, 0.01360048445950654, 0.9998968902896749]], "t": [[-0.030872968922570018], [-0.1078713025087956], [-0.015675187655457126]], "name": "r"}, {"R": [[0.0065703092437279995, 0.0010729652058118601, -0.9999778396455133], [-0.006282244737616381, 0.9999797343030168, 0.001031690033370324], [0.9999586813651344, 0.006275326998283244, 0.006576916721849208]], "t": [[-0.010260979644521676], [0.100703649381558], [-0.03187417013845857]], "name": "e"}, {"R": [[0.010246843726388743, 0.0023520607973684603, -0.9999447334746314], [-0.007087442622382206, 0.9999722856396703, 0.002279497674452887], [0.9999223821630964, 0.0070636932676098494, 0.010263229837614773]], "t": [[-0.010054368872823558], [0.0022696435392241913], [-0.029323518741128995]], "name": "t"}, {"R": [[0.008861332567199735, -7.78659285227747e-05, -0.9999607345901287], [-0.006521631912715474, 0.9999787247304678, -0.00013565994790675523], [0.9999394707192671, 0.006522577966079163, 0.008860636227036135]], "t": [[-0.005161627291203346], [-0.10105144596837072], [-0.023945702600709183]], "name": "e"}, {"R": [[-0.9999969653014165, -0.002259279105366405, -0.0009823674880255757], [-0.0022668723670540977, 0.9999670226364594, 0.007798392734825278], [0.0009647163463737832, 0.007800595970766995, -0.9999691095353255]], "t": [[0.028496413885529603], [0.09963279289338028], [0.014697501973612932]], "name": "s"}, {"R": [[-0.9999939498296584, -0.0026052238794141286, -0.0023050190055399753], [-0.002637322350230292, 0.9998980435509904, 0.01403378187525611], [0.0022682228503269858, 0.014039776046626798, -0.9998988648126678]], "t": [[0.015641208732171095], [0.0033060343778422915], [0.02305842372496657]], "name": "e"}, {"R": [[-0.9999186240862011, -0.0025508440874494865, -0.012499535991362798], [-0.0026761086368233553, 0.9999462668715621, 0.010015079240360172], [0.012473317446524256, 0.010047714370358061, -0.9998717216662396]], "t": [[0.02023165215243001], [-0.0960694597507056], [0.015863148276475364]], "name": "s"}, {"R": [[0.004620572307295326, -0.007279989461256116, 0.9999628253415205], [0.01092470072857759, 0.9999141914333669, 0.007229155147516787], [-0.9999296481380797, 0.010890891772479289, 0.004699707528780026]], "t": [[0.024168310682537365], [0.1014052052287503], [0.02460791025629247]], "name": "a"}, {"R": [[0.008862020350795032, -0.015097120427100761, 0.9998467590336584], [0.012677187629041204, 0.999807363334144, 0.014984162860995074], [-0.9998803695988433, 0.01254245500834487, 0.009051702229054687]], "t": [[0.0246400811223874], [0.0004111886017414135], [0.020900075615924593]], "name": "m"}, {"R": [[0.005421198790278631, -0.005363907411237131, 0.999970919127631], [0.015555039714441183, 0.9998650772930412, 0.0052790102540702065], [-0.9998643164665685, 0.01552596879631341, 0.00550390314026905]], "t": [[0.02690049633998563], [-0.10076463227756395], [0.019437720284570418]], "name": "o"}]}