{"cameras": [{"R": [[1.0000000000000002, -7.643036162427158e-17, -2.8409749570732393e-16], [-7.643036162427158e-17, 0.9999999999999999, -2.3175429416978946e-16], [-2.8409749570732393e-16, -2.3175429416978946e-16, 1.0000000000000002]], "t": [[-0.0013575543401846734], [0.10008458083892602], [0.06208655475605818]], "name": "a"}, {"R": [[0.9999730650044013, 0.004731983901716987, -0.005610489645125556], [-0.004744902267956229, 0.9999861174433536, -0.0022914674413541023], [0.005599568570140696, 0.0023180269457294617, 0.9999816356228287]], "t": [[-0.0019269452500494685], [-0.0034408658058392664], [0.06275377431046816]], "name": "b"}, {"R": [[0.9998182945697156, 0.008263703734787414, -0.01717815602121323], [-0.008431900651377108, 0.9999169941554911, -0.009742066025875566], [0.017096224586462615, 0.009885140344521233, 0.9998049825367237]], "t": [[-0.002959622998646643], [-0.10850263682596148], [0.06420139223377956]], "name": "r"}, {"R": [[0.014594107302044025, 0.003364429190819431, 0.9998878400342089], [0.006622042986740191, 0.9999720833553403, -0.0034613662998779255], [-0.9998715720424989, 0.006671815809816838, 0.014571420488808344]], "t": [[0.07642506039774519], [0.09983745702934711], [0.0033022215737262134]], "name": "e"}, {"R": [[0.020172945331727716, 0.003013687466131787, 0.9997919633426244], [0.005086381166269066, 0.9999822067047529, -0.0031168895591901693], [-0.9997835670800329, 0.005148199855215846, 0.020157257625386556]], "t": [[0.07597797643579993], [0.0013572714194630686], [0.0027882632695668584]], "name": "t"}, {"R": [[0.01686946395411356, 0.005122266507942545, 0.9998445797081276], [0.005947616649738556, 0.9999686712621699, -0.00522325093766908], [-0.99984001072276, 0.006034805712838982, 0.016838470177532792]], "t": [[0.0782529583225022], [-0.10221406611133568], [0.0026882506897760354]], "name": "e"}, {"R": [[-0.9998331184433988, 0.010341339337960774, 0.015059613688444183], [0.01049787791842894, 0.9998913000290058, 0.010352907104474856], [-0.014950913783371088, 0.0105092733812214, -0.9998329987303085]], "t": [[0.004223155959523658], [0.09993530856962055], [-0.05991890261442534]], "name": "s"}, {"R": [[-0.9998407884361954, 0.009656680045795302, 0.015004876200084526], [0.009886222980193171, 0.9998340759964739, 0.015299773575543574], [-0.014854641512760301, 0.015445679226570919, -0.9997703589418709]], "t": [[0.0022222615326188255], [0.003362053659427364], [-0.06107176767619368]], "name": "e"}, {"R": [[-0.9996693984063278, 0.011658857451750446, 0.022916477322006693], [0.011940990254414773, 0.9998541133049756, 0.01221330663105543], [-0.022770740911842103, 0.01248291432478673, -0.9996627782448869]], "t": [[0.00224688198884535], [-0.09663989766904924], [-0.0658930173131719]], "name": "s"}, {"R": [[-0.017296272197962596, 0.015147316192944406, -0.9997356639533296], [-0.013355089392405158, 0.9997925388811398, 0.015379232260595392], [0.9997612117677775, 0.013617562548247263, -0.01709039013216788]], "t": [[-0.07402002716205809], [0.10438519376641744], [-0.0023517550250951188]], "name": "a"}, {"R": [[-0.012132209446388808, 0.020106241504157824, -0.9997242362504399], [-0.014270800854684351, 0.9996925102344568, 0.020278787540096873], [0.99982456147912, 0.01451289198288645, -0.011841546747708343]], "t": [[-0.07732057959623256], [0.0019055003910176966], [-0.0031051996582783783]], "name": "m"}, {"R": [[-0.011878667798717296, 0.01440038635375404, -0.9998257478801945], [-0.01624748609405979, 0.9997615107291978, 0.014592493278876345], [0.9997974377077342, 0.016417994315180668, -0.011641864786863909]], "t": [[-0.08176356528986385], [-0.10006989926203348], [-0.0054798145462106145]], "name": "o"}]}