{"R": [[[0.9999999999999999, 1.6988045940789057e-16, 5.199641492017589e-17], [1.6988045940789057e-16, 0.9999999999999996, 1.3207155654488475e-16], [5.199641492017589e-17, 1.3207155654488475e-16, 0.9999999999999998]], [[-6.853497296767788e-17, 5.06927054325792e-16, 0.9999999999999999], [0.7071067811865477, 0.707106781186547, -1.8004965447251906e-16], [-0.7071067811865472, 0.7071067811865479, -2.468973362823437e-16]], [[-0.7071067811865474, 1.031933610931815e-16, 0.7071067811865475], [-3.464762828840368e-16, 0.9999999999999999, -2.1262459170048883e-16], [-0.7071067811865474, -2.725099983585929e-16, -0.7071067811865476]], [[3.2004308565112693e-16, 1.0, 2.334673515483112e-16], [0.7071067811865472, 1.312325146694954e-16, -0.7071067811865475], [-0.7071067811865476, 2.398678636601799e-16, -0.7071067811865477]]]}