{"R": [[[1.0000000000000002, -5.534310554794923e-17, 3.189434422554661e-17], [-5.534310554794923e-17, 0.9999999999999993, 8.112492641513886e-17], [3.189434422554661e-17, 8.112492641513886e-17, 0.9999999999999998]], [[-0.004070399851381114, -0.007917726153183395, 0.9999603699435359], [0.7115973575553675, 0.7025365760867301, 0.008459313243548022], [-0.702575713048258, 0.7116035896992773, 0.002774628233559202]], [[-0.7074297986816747, -0.01360523672438062, 0.7066526568766861], [-0.00029208843111980454, 0.9998202533800264, 0.018957204842688098], [-0.7067835557096345, 0.013204486539536707, -0.7073066144987429]], [[-0.023029555597819655, 0.9996783853305025, 0.010619108812253268], [0.7052371447731476, 0.02377335544203748, -0.7085727889237943], [-0.7085973533687412, -0.008829126458834064, -0.7055578199728134]]]}