{"R": [[[1.0000000000000002, 8.206604619481175e-16, -3.83692184452853e-16], [8.206604619481175e-16, 1.0000000000000004, -1.90116585894909e-16], [-3.83692184452853e-16, -1.90116585894909e-16, 1.0000000000000002]], [[-0.007782292780850925, -0.006340851364922851, 0.9999496134921201], [0.7078883579842175, 0.7062537203645989, 0.009987747572467197], [-0.7062814655287799, 0.70793041753772, -0.001007658368505901]], [[-0.7146477365843964, -0.015133509753793298, 0.6993208058375864], [-0.008028348585239738, 0.9998775379766801, 0.013433341679812272], [-0.6994384592040911, 0.003985716024067248, -0.714681716468235]], [[-0.02440821807550631, 0.9996963361561033, 0.0033873834210032044], [0.707908124600387, 0.019676346556068293, -0.7060304019735758], [-0.7058826573979151, -0.014834987774443916, -0.7081734230558148]]]}