{"R": [[[1.0000000000000002, -1.7482604962786136e-17, 1.9608477450858142e-16], [-1.7482604962786136e-17, 1.0000000000000002, 5.890823729398685e-16], [1.9608477450858142e-16, 5.890823729398685e-16, 1.0000000000000004]], [[6.066735464457255e-16, -2.515928661305816e-16, 1.0000000000000002], [0.7071067811865479, 0.7071067811865476, 1.3603189100266407e-16], [-0.7071067811865468, 0.7071067811865486, 9.792700820477423e-16]], [[-0.7071067811865477, -1.9451511528939798e-16, 0.7071067811865474], [3.303393189906702e-17, 1.0000000000000004, 4.3710498605328647e-16], [-0.7071067811865477, 6.120800676968718e-16, -0.7071067811865477]], [[-3.8654062486429754e-16, 1.0000000000000002, -1.0180416115314448e-17], [0.7071067811865477, -1.995611935252366e-16, -0.7071067811865478], [-0.7071067811865476, 1.4437992796422409e-16, -0.707106781186548]]]}