{"R": [[[1.0000000000000004, 1.0992601802805663e-16, -5.651490010106601e-17], [1.0992601802805663e-16, 0.9999999999999999, -2.0606463934338358e-16], [-5.651490010106601e-17, -2.0606463934338358e-16, 1.0]], [[0.001807812228130756, 0.003240684554285872, 0.9999931148655815], [0.703070945644792, 0.711110723426693, -0.003575530408583536], [-0.7111174144999446, 0.7030725687944197, -0.0009928764927522365]], [[-0.7121681756919931, -0.015852379555233494, 0.7018298879315245], [-0.006628266561618978, 0.9998522845227362, 0.01585797014292877], [-0.7019776033563513, 0.006641626088745919, -0.7121680512273565]], [[-0.014685012869942657, 0.999890420107312, 0.0018703407799116995], [0.7068813371291954, 0.01170461515641801, -0.7072353053987628], [-0.7071796982489323, -0.00906365057046715, -0.7069757595723388]]]}