{"R": [[[1.0, -3.6705909376795064e-16, -2.1710501835955465e-16], [-3.6705909376795064e-16, 1.0000000000000002, -2.641183996655933e-16], [-2.1710501835955465e-16, -2.641183996655933e-16, 1.0000000000000002]], [[0.002218182197489166, -0.010134677224088886, 0.9999461825444917], [0.7119453256132652, 0.7022130633723853, 0.005537776321987287], [-0.7022313956276529, 0.7118947267305281, 0.008772972592305832]], [[-0.7108525983798072, -0.0246114367763243, 0.7029102791654718], [-0.006744093585761385, 0.9995801529265489, 0.02817862801918411], [-0.703308680863803, 0.015290358241129029, -0.7107201308296224]], [[-0.016637966692118183, 0.9998295082674896, 0.00800827459205085], [0.7118173195060307, 0.017469160159759967, -0.7021473720627047], [-0.7021675595722164, -0.005981876035356182, -0.7119866118428744]]]}