{"R": [[[0.9999999999999999, 2.1802562063105058e-16, 3.5060854404436513e-16], [2.1802562063105058e-16, 1.0, -2.3032222857316922e-17], [3.5060854404436513e-16, -2.3032222857316922e-17, 1.0000000000000004]], [[5.067514330466914e-16, -9.159377753691419e-17, 1.0000000000000002], [0.7071067811865476, 0.7071067811865481, -3.0995188790865676e-16], [-0.7071067811865479, 0.7071067811865479, 1.0492870992278068e-15]], [[-0.7071067811865475, -3.843431179083976e-17, 0.7071067811865482], [-9.036233782654796e-17, 1.0000000000000002, -1.5527512684133873e-19], [-0.7071067811865486, -2.1349351702956763e-16, -0.707106781186547]], [[3.5353748311537815e-16, 0.9999999999999999, 1.7957617627204642e-16], [0.7071067811865472, 9.548017592454728e-18, -0.7071067811865478], [-0.707106781186548, 6.999478216360859e-16, -0.7071067811865474]]]}