{"R": [[[1.0000000000000007, -1.2149684675738248e-17, 1.0638876790330245e-16], [-1.2149684675738248e-17, 1.0, 2.029982379607948e-16], [1.0638876790330245e-16, 2.029982379607948e-16, 0.9999999999999999]], [[5.394087305638033e-17, 1.1422138908877156e-16, 1.0000000000000004], [0.7071067811865476, 0.7071067811865477, 4.3184472675115167e-17], [-0.7071067811865474, 0.7071067811865476, 1.5454805827596734e-16]], [[-0.7071067811865478, 7.831251250223226e-18, 0.707106781186548], [3.039134145207173e-16, 1.0000000000000002, -2.6307889312868675e-17], [-0.7071067811865478, 6.124592628171085e-16, -0.7071067811865475]], [[6.511036216852821e-16, 1.0000000000000004, 8.006764022063083e-17], [0.7071067811865475, -1.367665847374213e-16, -0.7071067811865477], [-0.7071067811865474, 2.4730190806352446e-16, -0.7071067811865476]]]}