{"R": [[[0.9999999999999994, 1.9511666616629423e-16, 2.225021509869839e-16], [1.9511666616629423e-16, 0.9999999999999989, -1.2021063989346167e-16], [2.225021509869839e-16, -1.2021063989346167e-16, 0.9999999999999992]], [[-0.0005579921732521331, -0.0013690482589189014, 0.999998907175202], [0.7086310313033777, 0.7055779249042451, 0.0013613822865650013], [-0.7055790176292415, 0.7086310165344751, 0.0005764431199061067]], [[-0.7119435999445745, -0.01892642000907013, 0.7019815532644714], [-0.006825805496884459, 0.9997760243854862, 0.02003270933423913], [-0.702203473985481, 0.009470569655077261, -0.711913330001012]], [[-0.024035315258368082, 0.9997108897783343, -0.0006636859514651688], [0.7071279356044109, 0.016531667816185952, -0.7068923444535655], [-0.7066770028154831, -0.01745969122941744, -0.7073208415379109]]]}