{"R": [[[0.9999999999999999, 2.2912294278058636e-16, 1.4205124619461968e-16], [2.2912294278058636e-16, 1.0, 1.5691095712145836e-17], [1.4205124619461968e-16, 1.5691095712145836e-17, 1.0000000000000002]], [[6.299251656949116e-17, -2.738614506933563e-16, 1.0], [0.7071067811865475, 0.7071067811865479, 1.906091774695951e-16], [-0.7071067811865477, 0.7071067811865474, 1.8995573222623459e-16]], [[-0.7071067811865474, -5.521517469093637e-17, 0.7071067811865474], [-4.504355006354615e-17, 0.9999999999999998, 6.644506992268705e-17], [-0.7071067811865478, 6.626666692670357e-17, -0.7071067811865474]], [[9.773916361858518e-17, 0.9999999999999999, 1.0393681634196601e-16], [0.7071067811865471, 2.2912294278058636e-16, -0.7071067811865479], [-0.707106781186548, 1.975623974258775e-16, -0.7071067811865472]]]}