{"R": [[[0.9999999999999997, 1.647432778476931e-17, 1.3260064882679742e-16], [1.647432778476931e-17, 1.0000000000000004, -5.158441891174905e-17], [1.3260064882679742e-16, -5.158441891174905e-17, 1.0000000000000004]], [[-0.009466491468061238, -0.004167457842304203, 0.9999465074864842], [0.7036331766401315, 0.7104982489025872, 0.009622423690270183], [-0.7105003436104748, 0.7036866281246857, -0.0037935640112146682]], [[-0.7107198558237765, -0.020959326900739757, 0.7031628496683384], [-0.013523726442115611, 0.9997784165219855, 0.016131543010837204], [-0.703345146681876, 0.0019556258997040416, -0.7108458202496456]], [[-0.01650870708738061, 0.9998613073874233, 0.0021974029707979652], [0.7070526874723272, 0.01322800585088857, -0.7070371397595521], [-0.7069681461908045, -0.010118589364227526, -0.7071730017618149]]]}