{"R": [[[0.9999999999999999, 5.03772392307023e-17, 5.681899052656987e-17], [5.03772392307023e-17, 1.0000000000000002, -6.218378753148194e-17], [5.681899052656987e-17, -6.218378753148194e-17, 1.0]], [[2.172980807226047e-16, -1.8889478067417525e-16, 0.9999999999999998], [0.7071067811865477, 0.7071067811865472, 5.03772392307023e-17], [-0.7071067811865472, 0.7071067811865476, 3.621303222984879e-16]], [[-0.7071067811865471, -2.076042564655143e-16, 0.707106781186548], [1.0235674124241041e-16, 1.0000000000000004, -6.7757141599114e-17], [-0.7071067811865481, 1.0706007318414427e-16, -0.7071067811865471]], [[-4.557698008863003e-17, 1.0, 5.023874276016497e-16], [0.707106781186548, 3.9243016435980863e-16, -0.7071067811865474], [-0.7071067811865474, 6.288444503673661e-16, -0.7071067811865479]]]}