{"R": [[[1.0, 1.7471068414227514e-16, 1.4338779839143696e-16], [1.7471068414227514e-16, 1.0, -1.3504107403287103e-16], [1.4338779839143696e-16, -1.3504107403287103e-16, 1.0000000000000002]], [[-4.513571862336795e-16, -2.9017935892396506e-16, 0.9999999999999999], [0.7071067811865476, 0.7071067811865477, 6.743110452235956e-16], [-0.7071067811865477, 0.7071067811865476, -1.3416795776485218e-16]], [[-0.7071067811865476, -1.395866945186419e-16, 0.7071067811865472], [4.5815593741366536e-17, 1.0000000000000002, 5.699415683311929e-16], [-0.7071067811865475, 1.072266090511636e-16, -0.7071067811865477]], [[-5.582851827260115e-16, 1.0000000000000002, -7.883173601957798e-17], [0.7071067811865479, 5.6328874276108e-16, -0.7071067811865476], [-0.7071067811865477, -2.4519026022736786e-16, -0.7071067811865477]]]}