{"R": [[[1.0000000000000007, 8.67806018530282e-17, 2.3322117959191225e-16], [8.67806018530282e-17, 1.0000000000000007, 9.520110766380105e-17], [2.3322117959191225e-16, 9.520110766380105e-17, 1.0000000000000004]], [[-2.0630684736203815e-17, 7.714282002411977e-16, 1.0000000000000004], [0.7071067811865483, 0.7071067811865476, -1.9542904311102965e-16], [-0.7071067811865474, 0.707106781186548, 1.0708988424149164e-16]], [[-0.7071067811865481, 8.916922947062667e-16, 0.7071067811865477], [5.427439126795101e-16, 1.0000000000000002, -4.1612965493026167e-16], [-0.707106781186548, 3.1724571258883236e-16, -0.7071067811865476]], [[-2.658682741747837e-16, 1.0, -2.3475706683851422e-16], [0.7071067811865478, 4.445232267062732e-18, -0.7071067811865474], [-0.7071067811865472, -3.3345006434016924e-16, -0.707106781186548]]]}