{"R": [[[0.9999999999999993, 4.105231394007762e-16, -3.2605529682129526e-17], [4.105231394007762e-16, 0.9999999999999996, 3.86598361486201e-16], [-3.2605529682129526e-17, 3.86598361486201e-16, 0.9999999999999996]], [[8.760657171590025e-17, -5.674991557552516e-17, 0.9999999999999998], [0.7071067811865469, 0.707106781186548, 5.770565930945496e-16], [-0.7071067811865475, 0.7071067811865475, 2.727058020897885e-16]], [[-0.7071067811865472, 4.4024914570582867e-16, 0.7071067811865474], [-4.786097550022274e-16, 0.9999999999999999, -4.637887617332765e-16], [-0.7071067811865474, -4.134713949391458e-16, -0.7071067811865472]], [[1.0049914417900294e-16, 0.9999999999999998, 1.2712406995930921e-16], [0.7071067811865468, 3.6721247864185033e-16, -0.7071067811865479], [-0.7071067811865477, 1.476437064504932e-16, -0.7071067811865471]]]}