{"R": [[[1.0000000000000002, 2.6245309566844024e-16, 1.401663338449656e-17], [2.6245309566844024e-16, 1.0000000000000002, -2.2314455142817235e-16], [1.401663338449656e-17, -2.2314455142817235e-16, 1.0000000000000002]], [[0.006465030789025762, -0.004598163176948124, 0.9999685296409561], [0.7030636851957537, 0.7111257467341363, -0.0012754962889497596], [-0.7110975024114933, 0.7030498056519291, 0.007830251395821634]], [[-0.7056882844804566, -0.013022145628782619, 0.7084027589374945], [-0.004333083243873782, 0.9998917092170864, 0.014063933608192443], [-0.70850918803967, 0.006855185056346461, -0.7056682909846602]], [[-0.01303382116482694, 0.9999054851885549, 0.004374950935046164], [0.7083194490264314, 0.01232104607324309, -0.7057844925716016], [-0.7057716894554045, -0.006100206021256937, -0.7084130926583458]]]}