{"markers": [{"R": [[0.9999999999999997, 5.013355540967707e-18, 1.382265602522925e-16], [5.013355540967707e-18, 0.9999999999999996, -5.073415647251216e-16], [1.382265602522925e-16, -5.073415647251216e-16, 0.9999999999999998]], "t": [[-0.0020287753140237966], [0.10013765442532967], [0.06118420514023318]], "name": "a"}, {"R": [[0.9999956010876235, -0.0014151071029371626, -0.002606775266398995], [0.001412870848060527, 0.99999863252313, -0.0008595044132182816], [0.002607987992494543, 0.000855817595552116, 0.9999962329803416]], "t": [[-0.00208865909024986], [-0.0029658987857332057], [0.06192406055335294]], "name": "b"}, {"R": [[0.9999834304852427, 0.0016052839055264879, -0.005528274463860162], [-0.001648283612000977, 0.999968358281149, -0.0077823902264807805], [0.0055156065939768505, 0.00779137344025254, 0.9999544352538341]], "t": [[-0.0014109555989122533], [-0.10746944137410569], [0.06390704114334492]], "name": "r"}, {"R": [[0.007280417501123895, -0.00046097876784558206, 0.9999733911557765], [0.0065877776494407524, 0.9999782150636181, 0.0004130179436894004], [-0.9999517971915702, 0.006584595413225384, 0.007283295723315589]], "t": [[0.07634494561603113], [0.09938715148307266], [0.0033345290842397533]], "name": "e"}, {"R": [[0.010946883920533406, -0.0015659352515057293, 0.9999388549202484], [0.006119105505517835, 0.9999801545604544, 0.0014990106942939856], [-0.9999213580478429, 0.006102321856257018, 0.010956248797828957]], "t": [[0.07611036774227231], [0.001530383696789473], [0.0025633915362888978]], "name": "t"}, {"R": [[0.009901751666976516, 0.0001236765040101691, 0.9999509688069945], [0.004003191680512395, 0.9999919738589156, -0.00016332212913961004], [-0.9999429632585521, 0.0040046125744123305, 0.00990117709336869]], "t": [[0.07865922077766074], [-0.10084473485468817], [0.0023416996130565986]], "name": "e"}, {"R": [[-0.9999610184035982, 0.007641400588468523, 0.004423875030480728], [0.007665617860994412, 0.9999555843571448, 0.0054833945481152025], [-0.004381777726900629, 0.005517092532089716, -0.9999751805489695]], "t": [[0.003954004390455323], [0.09936722540022523], [-0.05995717156640123]], "name": "s"}, {"R": [[-0.9999537708037853, 0.007513070148535735, 0.006000835961293927], [0.007582547774446256, 0.9999034984049486, 0.011640397192227947], [-0.005912801750389811, 0.011685360691384764, -0.9999142418832592]], "t": [[0.0028629057212240356], [0.00340312203747011], [-0.06048337116875297]], "name": "e"}, {"R": [[-0.9998856935053568, 0.007179048822808683, 0.013306433831442269], [0.007283620009569671, 0.9999428421339887, 0.007826962664758555], [-0.013249483116976008, 0.007922986999802858, -0.9998808316365169]], "t": [[0.0023848928367521905], [-0.09531239279449978], [-0.06475896202717311]], "name": "s"}, {"R": [[0.0018332634596985883, 0.010518274654682523, -0.9999430008972388], [-0.005655935252268672, 0.999928796196963, 0.010507755826751699], [0.9999823246145451, 0.005636349384233216, 0.0018926236047810015]], "t": [[-0.07541272086772485], [0.10193746045085066], [-0.002275847043282631]], "name": "a"}, {"R": [[0.006852133031264795, 0.018415602795462224, -0.9998069382868876], [-0.007338924568579592, 0.999804409592154, 0.018365259221157018], [0.999949592959114, 0.007211666503892655, 0.006985943539571486]], "t": [[-0.07765858551978287], [0.0009415011732427821], [-0.002457523733504172]], "name": "m"}, {"R": [[0.0019432182325299673, 0.009417058005398387, -0.9999537703921239], [-0.009432240220419136, 0.9999113482010306, 0.009398328746147952], [0.9999536272984487, 0.009413541167877088, 0.0020318699160142483]], "t": [[-0.08171664069370202], [-0.10011203085795496], [-0.00532205153140206]], "name": "o"}]}