{"markers": [{"R": [[1.0000000000000009, -3.0503689011182245e-16, -1.0227895155189666e-16], [-3.0503689011182245e-16, 1.0000000000000002, -1.439830509358321e-16], [-1.0227895155189666e-16, -1.439830509358321e-16, 1.0000000000000004]], "t": [[-0.0016835633396454011], [0.10427888516169745], [0.05927953508698169]], "name": "e"}, {"R": [[0.9999597718216444, 0.007023442077483681, -0.005579068003697856], [-0.006956850309865568, 0.999905383172501, 0.011867052558242322], [0.005661887686256101, -0.011827762427365442, 0.9999140198356007]], "t": [[-0.003706939922711809], [0.0010339981219179284], [0.06351601727875648]], "name": "r"}, {"R": [[0.998547685772042, 0.01915928774463401, 0.05035316208956589], [-0.020080752513756826, 0.9996388575470937, 0.017858271484739317], [-0.049992825663099594, -0.018843465049181142, 0.998571800726998]], "t": [[-0.004648107224785862], [-0.10291567284495154], [0.0597272481146199]], "name": "v"}, {"R": [[0.045693462735015074, 0.019073598283304658, 0.9987734003825949], [-0.11559383801442748, 0.9932023731254199, -0.013678838807758125], [-0.9922450161509395, -0.11482701714562395, 0.04758764605504734]], "t": [[0.0823230346951138], [0.10172389933555849], [0.0029232411176897226]], "name": "i"}, {"R": [[0.042549798149981985, -0.011709044677732523, 0.999025731875877], [-0.09910834371318912, 0.9949498905650745, 0.015882426482562488], [-0.9941665106428722, -0.0996875796540399, 0.04117445298841588]], "t": [[0.07570116287035163], [0.0017740073432164077], [0.0034149918401114587]], "name": "l"}, {"R": [[0.041734236168893, -0.027854761523373146, 0.9987403895867413], [-0.09946512042987947, 0.9945297803468793, 0.031893664277683774], [-0.9941654506918194, -0.10067089084568599, 0.038735363520525846]], "t": [[0.07568968467041955], [-0.10071029690681918], [0.011777106550794027]], "name": "h"}, {"R": [[-0.9981678367670762, -0.02135383583180118, 0.05661257226980731], [-0.023824961721017997, 0.9987762455070073, -0.04334031160384137], [-0.05561781048124468, -0.04460969744567421, -0.9974550787133613]], "t": [[0.0065408003837158085], [0.0934934148806009], [-0.07310458161296449]], "name": "a"}, {"R": [[-0.999733677533331, -0.01490542017555065, 0.01761824211073673], [-0.015099243452341668, 0.9998263688623281, -0.01091993474057762], [-0.01745241681971795, -0.011183048643454272, -0.9997851532055222]], "t": [[0.00703924889945752], [-0.0006119390419066228], [-0.05652973670051249]], "name": "m"}, {"R": [[-0.9995984548295148, -0.017563701479372553, 0.022236130346585104], [-0.017534920093875236, 0.999845143207105, 0.0014886848105851915], [-0.022258833746363057, 0.0010981782675644754, -0.9997516383206106]], "t": [[0.007120964027563986], [-0.09747020091986427], [-0.05492336467162123]], "name": "i"}, {"R": [[-0.0183689545414421, -0.016566690459485778, -0.999694016325133], [0.08822201191405797, 0.9959359138634796, -0.018125454221956456], [0.9959314525221552, -0.08852796306329436, -0.016832754764854324]], "t": [[-0.08252877947134413], [0.09995217070178553], [-0.013122918412645138]], "name": "g"}, {"R": [[-0.020536806215509837, -0.0026898723253341848, -0.999785479079058], [0.0859675579884809, 0.9962880150989989, -0.004446340472159636], [0.9960862505646606, -0.08604042978141507, -0.02022933214581331]], "t": [[-0.07866814813081055], [-6.499459149122977e-05], [-0.002144668769585802]], "name": "a"}, {"R": [[-0.007060856621169962, 0.005590564566878402, -0.9999594441234103], [0.09410285746087817, 0.995550414642618, 0.004901440870699951], [0.9955374410445209, -0.09406443266577931, -0.007555526837500019]], "t": [[-0.08317935745732277], [-0.10048327123974451], [-0.0008128698216233674]], "name": "l"}]}