{"markers": [{"R": [[1.0000000000000002, -1.385579348700605e-16, -3.413882209062114e-16], [-1.385579348700605e-16, 0.9999999999999997, -1.7839753655150998e-16], [-3.413882209062114e-16, -1.7839753655150998e-16, 1.0000000000000002]], "t": [[-0.0005737260652903644], [0.09783274118982985], [0.06277207285474688]], "name": "a"}, {"R": [[0.9999987727297086, -0.000186872663516489, -0.0015555120327632708], [0.00018609041092915876, 0.9999998561704698, -0.0005030202765044432], [0.001555605809773182, 0.0005027301932894885, 0.9999986636755658]], "t": [[-0.002086828654929238], [-0.003066764466650786], [0.06187009859853001]], "name": "b"}, {"R": [[0.9999889558808991, 0.0026776156633401553, -0.0038624461922966966], [-0.0027032768571603645, 0.9999742085056286, -0.006653917475717094], [0.0038445299403818372, 0.006664285250463699, 0.9999704030078278]], "t": [[-0.003496978542200369], [-0.10576770050321478], [0.06185970240091086]], "name": "r"}, {"R": [[0.006361642236312157, 0.005674279010475412, 0.9999636653727819], [0.00597465776905077, 0.9999658359553597, -0.005712301343704888], [-0.9999619157610956, 0.006010780299582457, 0.006327523021708865]], "t": [[0.07830501485356064], [0.09802946454878729], [0.0029855482141325175]], "name": "e"}, {"R": [[0.01077721486683836, 0.0037828317560476554, 0.9999347687842538], [0.0046324246282001685, 0.9999819244506518, -0.003832938042066658], [-0.9999311937737406, 0.004673430846360217, 0.010759496379767697]], "t": [[0.0764550148062278], [0.00151289633903805], [0.0028222297204384124]], "name": "t"}, {"R": [[0.0077695022067271104, 0.0037413564439861143, 0.9999628178524531], [0.002237098226516588, 0.9999904332050913, -0.0037588415526051146], [-0.999967314579324, 0.002266219374138029, 0.007761058095626879]], "t": [[0.07664565896672687], [-0.09928359418382164], [0.002253869785776295]], "name": "e"}, {"R": [[-0.9999289372050145, 0.011528488054059143, 0.003035540024211353], [0.011527908577807236, 0.9999335297530197, -0.00020832543853859653], [-0.003037739928444768, -0.00017331720646730065, -0.9999953710379235]], "t": [[0.004823158152047046], [0.09827459313901651], [-0.06129260728659569]], "name": "s"}, {"R": [[-0.999940723154831, 0.010423609376619505, 0.0031461951876380436], [0.01044348981546353, 0.9999251753875709, 0.006370019357112365], [-0.00307956118130192, 0.006402499019860768, -0.9999747618361333]], "t": [[0.0032973891393050453], [0.0034809219460126798], [-0.060225101391044866]], "name": "e"}, {"R": [[-0.99990756405091, 0.00928702851576319, 0.009930481112432903], [0.009331842961738872, 0.999946439435824, 0.004476043627545165], [-0.009888380085454573, 0.004568299570479951, -0.9999406735293452]], "t": [[0.0023741355006968974], [-0.09331544581196306], [-0.06199897302613066]], "name": "s"}, {"R": [[0.0025215780822476527, 0.006980617583497777, -0.9999724559317261], [-0.0019379843277780658, 0.9999737912907063, 0.006975739991975009], [0.999994942917573, 0.001920341074734283, 0.002535040322416324]], "t": [[-0.07763449170805267], [0.09939644770800378], [-0.003329463531373769]], "name": "a"}, {"R": [[0.008197989351471199, 0.016298054022608467, -0.9998335693532547], [-0.004556998008507508, 0.9998573953882371, 0.0162610779655164], [0.9999560124024179, 0.004422931440376276, 0.008271090480105912]], "t": [[-0.07793491233840659], [0.0008506720256553175], [-0.0030952892489983525]], "name": "m"}, {"R": [[0.004361846909541084, 0.010101888928392843, -0.9999394612333371], [-0.008363622984754213, 0.9999143675927323, 0.010065152368167811], [0.9999555110614204, 0.008319214007582718, 0.004445961784521296]], "t": [[-0.0801734341096851], [-0.09794423193069275], [-0.004622087090391571]], "name": "o"}]}