{"markers": [{"R": [[1.0000000000000004, -2.452054391433001e-17, -5.842395662311561e-18], [-2.452054391433001e-17, 1.0000000000000007, 3.096004685676813e-16], [-5.842395662311561e-18, 3.096004685676813e-16, 1.0000000000000004]], "t": [[-0.0017377505251711329], [0.09988722821571058], [0.061289230088244426]], "name": "a"}, {"R": [[0.9999958141899935, -3.7523856523138256e-05, -0.002893128834508387], [3.114425656871185e-05, 0.9999975682785397, -0.0022051002341920596], [0.0028932045430895025, 0.002205000899715221, 0.9999933836473641]], "t": [[-0.002142122476413114], [-0.0031922119034742498], [0.06192060532207227]], "name": "b"}, {"R": [[0.9999712404558163, 0.002021974665292942, -0.007309574523164377], [-0.0020906723097152157, 0.9999536060411739, -0.009402917342335287], [0.007290222942419139, 0.009417928843770369, 0.9999290751177025]], "t": [[-0.0024360930265859932], [-0.1076802425280486], [0.06364788568534363]], "name": "r"}, {"R": [[0.007415196156033223, -0.00039791200917525387, 0.9999724278858892], [0.006772460966287749, 0.9999770061765495, 0.00034769331977262444], [-0.9999495730477751, 0.006769696021052814, 0.007417720495871721]], "t": [[0.07639193784161002], [0.09956435407784014], [0.0038297696562428116]], "name": "e"}, {"R": [[0.011841945470761079, -0.001216962156352684, 0.9999291411548012], [0.0059009059184093405, 0.9999819315226224, 0.0011471432468313672], [-0.9999124699876537, 0.0058869033792545425, 0.011848912684028559]], "t": [[0.07630284824371304], [0.0015889438172957838], [0.0029129366573524447]], "name": "t"}, {"R": [[0.009940865205763828, 0.0006343201049105589, 0.9999503871877671], [0.004928631620234537, 0.9999876207410803, -0.0006833410175528913], [-0.999938441999963, 0.004935180097904867, 0.009937615815093004]], "t": [[0.07895272871345155], [-0.10073738117958894], [0.0017536801860171367]], "name": "e"}, {"R": [[-0.9999664042446351, 0.007209348408347421, 0.003900727827263905], [0.007235006108329372, 0.9999520195545643, 0.006604034778982146], [-0.003852929880982349, 0.006632034701102815, -0.9999705850909097]], "t": [[0.004394798635607362], [0.09956067953880182], [-0.05944953904620593]], "name": "s"}, {"R": [[-0.9999655133166393, 0.006895260432188451, 0.0046289913548135594], [0.006953430595327552, 0.9998955516004328, 0.012670268056470866], [-0.004541143066079923, 0.012702018471060466, -0.9999090142340022]], "t": [[0.0029730868460169], [0.0034874197860481106], [-0.06021650922049867]], "name": "e"}, {"R": [[-0.9998893324416882, 0.0069862471939704015, 0.013134504918748255], [0.007103686725114781, 0.9999350191033706, 0.008916008392446774], [-0.013071361988228747, 0.00900832508780051, -0.9998739868477855]], "t": [[0.0028597977722886816], [-0.09473713306530013], [-0.06445553606173189]], "name": "s"}, {"R": [[-0.0006764606153817418, 0.009756605129944937, -0.9999521743850427], [-0.007760369503039088, 0.9999222412541965, 0.009761562905645678], [0.9999696590728204, 0.007766601671445861, -0.0006006931537489047]], "t": [[-0.07583101370808645], [0.10119892418193067], [-0.002957615778249042]], "name": "a"}, {"R": [[0.00450708490948657, 0.016955080411279917, -0.9998460938733855], [-0.009333722382540913, 0.9998134078923693, 0.01691245177773507], [0.9999462824632656, 0.009256060009292565, 0.004664497936546703]], "t": [[-0.07787900907365769], [0.0006800079442536282], [-0.0031069479477905163]], "name": "m"}, {"R": [[0.0007651495144220409, 0.009272542129060967, -0.9999567163176044], [-0.011631569397843787, 0.9998894454337718, 0.00926301805504291], [0.9999320582617424, 0.011623978346921486, 0.0008729191409173329]], "t": [[-0.08184920924277325], [-0.0996205888854687], [-0.005167959540796843]], "name": "o"}]}